13013597457
15634874103
15668310491
17086248133
17030145735
13290164120
15764041264
18453165050
18453164421
15552692074
15666020047
13176561041
13053753714
15610035452
13287408667
15634886574
15634854198
13245367024
15615479224
13173283392
15689711224
13256034463
13280441749
15665822492
15552692054
15615240801
15624021369
13153389325
13256085490
18678450304
13061204443
15621654425
15621744431
13176481513
15615982964
15628854262
15689910174
15662474305
15694495184
15615715504
15621484570
17076153327
17086383255
15628870364
15668394706
15606464929
15662752545
15662467282
15624025039
13245441968
15662624149
17086384386
15684336976
15610044642
17096409707
17086383390
13045094194
15624204680
17030214743
15668314018
15621891965
13206460665
13156437882
15662762341
17030213470
15634869461
15665782124
13206488297
13275479044
15621616094
15665717847
13061384874
15698144425
15665774617
15634877448
17086248294
13210546427
15564733154
15588647701
15665725994
15665720141
