540122199006130090
54012219730815006x
540122197609120000
540122198311030050
540122198707150080
54012219730219012x
540122198807080000
630105197405210020
630105198810130020
630105199303160070
630105199109080060
630105198211230010
630105198808300040
630105198903180080
510105197009140090
510105199509010040
510105197605310030
510105198308150080
510105197105030060
510105199411080040
510105197109130050
50010519860209000x
500105198110160040
500105197802230060
500105197412030030
500105197005040030
500105199005100090
230104199205180040
230104197007280080
230104199305080090
230104198609310010
230104196504090050
230104196609050010
230104196604030030
230106197109290030
230106198209070060
230106197711150080
23010619850118005x
230106198107140080
130105199203260020
130105197310110000
130105198609280020
13010519640525006x
130105199305140020
130105198808130050
130105198807060050
13010519901110012x
130105198310060060
130105197206160050
130105197910080050
13010519610426023x
130105198206050010
130105197506220050
130105198308190080
13010519820615033x
130105198509100090
130105196109250090
130105197609070060
130105198107040060
110105196210010070
110105198603140040
11010519810219004x
110105196510300010
110105197006180080
110105199102040080
11010519650213017x
120104196503160000
120104199407160010
120104198008120020
120104199210190050
120104197606260030
120104197310140060
120104197601230050
12010219820304001x
120102198010170080
120102198209210050
120102199407020080
120102196405060030
120102198203120040
140109197811050020
140109198204210070
140109197211170020
140109198610200050
140109199309170030
140109196410020030
140109196905220000
230106196401270020
230106198511220090
230106198909300060
23010619871103004x
230106199308130020
230106197403270060
230106199011080060
220104198608200040
220104198706010080
220104197501250040
220104197804210080
220104197310080040
220104197909240010
220104199212250050
220104198407170010
220104196907160090
310101198808290000
310101198802250060
310101198407230080
310101199204100030
310101198908220050
310100198703290070
310100199112160060
310100197109030060
310100199006170090
310100196907040090
310100196106220090
540121199304250050
540121198810240010
54012119760629000x
540121197310290060
540121197108180090
540121197908130010
54012119841121013x
610103197512300000
610103198805240080
610103199206220070
610103198606310070
610103198410100060
610103199502060050
630103198109090070
630103196104130010
630103198809020040
630103197003110020
630103197307240080
630103198806020020
630103198706150060
630103197505240070
630103196501010000
630103199511110070
630103196110140010
630103196609010040
630122196209030060
630122199205050080
630122198203080040
630122199101010080
630122196210080050
630122197609270080
640111199107270080
640111197406080080
640111198609100090
640111198007160070
640111196411060000
640111197511300050
650100197304220040
650100198005180060
650100196802010050
65010019880318001x
650100197410280000
650100196505250030
650100197907120080
370104197307250040
370104196702160000
370104199011090010
370104197103180020
360105198601080020
36010519730227005x
360105196011280010
360105196303040020
360105199107040080
36010519920715018x
350103196712100050
350103196101070060
350103196608150080
350103199109290050
350103196701140060
350103197611130010
350103199311100070
35010019781105008x
350100197408050040
350100199412210020
350100197705170070
350100198510180030
350100199007150040
350121197104300060
350121197812140020
350121197208220040
350121196004060080
350121196207220060
440104196504140030
440104197903010010
44010419720826005x
440104196310140070
440104196507110030
440104196207190040
44010419810205013x
440107197511260080
440107197408300020
440107198507280040
440107199511150090
440107197507040010
460004199007030090
460004196706290090
460004198207250010
460004196802180010
460004196106310040
460004196009200020
460004198706260030
510106199004160020
510106199008070070
510106198502240040
510106198911290060
510106197807120050
510106198209300060
530100199108260050
53010019801128001x
530100197104160050
530100196110200000
530100197304060090
53010019730414016x
530100198403120080
530112199209040080
530112196909280040
530112199305270050
530112199403190050
530112198708090040
530112196804030050
540122196805170020
54012219760203002x
540122197310140080
540122197504100070
540122196305060060
54012219790221019x
540122198608150000
630105199201230080
630105197703040040
630105199304050080
630105196308250010
630105197607170030
630105196301120060
630105198811100020
510105198107050030
510105196412020080
510105198902090070
510105196307190040
510105197107030020
510105196307170080
510105199101290080
50010519901028008x
500105197707180020
500105196710070010
500105199401280020
500105198711160030
500105198209270080
230104197906280030
230104198710160030
230104198601050000
230104198909290070
230104198508270040
230104196012250080
230104197305150000
230106197609110000
230106197212250090
230106197108280040
23010619750721001x
230106199002210060
130105198709090060
130105197104280030
130105196306080080
13010519910629001x
130105196310120060
130105197503090070
130105198304300090
13010519860918016x
130105196310090030
130105198401100000
130105199309170050
13010519870315022x
130105197203070040
130105199201300070
130105198406310030
13010519940426036x
130105198407110010
130105196402250070
130105198308250050
130105196703150090
110105199308040000
110105196802170050
11010519931001008x
110105198911120000
110105199106150010
110105199501060080
11010519741221016x
120104197304160040
120104197010120070
120104198111170020
120104198308230020
120104196204090070
120104198205120030
120104198506150020
12010219780208009x
120102196209180020
120102198502090040
120102198502200060
120102199407310060
120102197310030010
140109199409160080
140109199507170010
140109198902190050
140109196709050030
140109198906200040
140109198101030050
140109196404170000
230106197107080060
230106198508220070
230106197712280000
23010619621001004x
230106198410230020
230106198411080050
230106197307250010
220104197911070060
220104197104310060
220104197004170080
220104199504030080
220104197310300010
220104199407080060
220104198808290060
220104198804180060
220104198506190030
310101196411120050
310101198807070060
310101198710170050
310101197611240070
310101199111290070
310100196103050020
310100196705220050
310100199310190030
310100199408170040
310100198703140020
310100196708200030
540121199202220000
540121198401100080
54012119730706002x
540121197209010060
540121197705190070
540121199011250070
54012119811117011x
610103196807210040
610103196501130060
610103197206250050
610103196112100010
610103196205110040
610103198502150010
630103199010250050
630103196501140080
630103198504300030
630103197607240090
630103196911260080
630103198612270060
630103198602290020
630103199510290090
630103197509240090
630103199103180050
630103198609220030
630103197503060080
630122197304080050
630122196608080000
630122199109210050
630122197507120020
630122197712020010
630122197108270000
640111196103270000
640111197309020050
640111196301130040
640111197104200000
640111196209180090
640111197301080050
650100198410240030
650100196604220030
650100198602160020
65010019630709007x
650100197108020080
650100198108170090
650100198501060080
370104197802090020
370104199412030020
370104196804270050
370104198907190040
360105198105170060
36010519610117005x
360105197008170050
360105197002200060
360105199203110060
36010519910630014x
350103197911210070
350103196612010070
350103196908250030
350103197105220050
350103196110290010
350103199304150040
350103198910310050
35010019660629009x
350100199507040070
350100197209190060
350100197506260010
350100197010270040
350100196810250020
350121197901200060
350121198610300020
350121196110080060
350121196601170010
350121199205170040
440104198402010010
440104198603240020
44010419690314007x
440104196302220070
440104197204010070
440104196806260020
44010419770817014x
440107198202300060
440107197902100000
440107198109160020
440107198901160070
440107197301210030
460004196306200090
460004196404090060
460004199311090060
460004197707300030
460004196208180030
460004196009030070
460004199508170080
510106199408100080
510106196503060080
510106197003300050
510106199203290050
510106198108300040
510106197702030010
530100197302030070
53010019640504005x
530100197805270050
530100196806200060
530100197406070020
53010019841110013x
530100199004090020
530112199206300060
530112198208130010
530112198305240030
530112197607180000
530112197901070020
530112199210170030
540122199202260040
54012219710212001x
540122199506090070
540122198602010050
540122197108080040
54012219650626011x
540122199009200060
630105196604180050
630105199207070030
630105197708250040
630105197403200070
630105197306200070
630105199204050070
630105197103180000
510105199508190030
510105196207130020
510105199307080010
510105197905130070
510105196806020070
510105197007060040
510105198810100040
50010519870303007x
500105197502110080
500105198311130040
500105198108040090
500105196508040050
500105197103220030
230104198802120030
230104198202160090
230104196507260080
230104196211080010
230104196406210030
230104197903030070
230104197009040030
230106197904180080
230106197004140080
230106199509250030
23010619900317002x
230106198909010020
130105198502130040
130105199506290090
130105199108260030
13010519791009009x
130105197707090070
130105196602040060
130105197610060020
13010519690730013x
130105198003040020
130105197011200060
130105196406090060
13010519720912026x
130105197904190040
130105198406160080
130105198010180020
13010519751023037x
130105198101200070
130105196704300070
130105196203250010
130105196512300050
110105196409080080
110105197406100030
11010519841116000x
110105196510120090
110105198710090070
110105199005040030
11010519700818012x
120104198106220050
120104199402260050
120104197610160080
120104197109030080
120104196904290000
120104196605260080
120104199307150030
12010219860823004x
120102196307220010
120102199112130080
120102199107230060
120102196711100030
120102198806170050
140109196801240070
140109197201070070
140109199005280020
140109196901300090
140109196903250030
140109198311160030
140109199410130070
230106196612250070
230106196902010080
230106199407180040
23010619950711007x
230106198202130060
230106198903080030
230106196810280080
220104197105260050
220104197005220000
220104198506220050
220104196604190070
220104198405210070
220104197612280090
220104198002220070
220104196003290010
220104197304230050
310101198002050060
310101197806080060
310101196510150000
310101198407040080
310101197504200060
310100196302300000
310100197008090090
310100198709160020
310100198504100050
310100198611250050
310100197202270060
540121197509060060
540121199002260030
54012119630120004x
540121197904040080
540121198605180000
540121199003070040
54012119880819015x
610103199410210060
610103196704270080
610103197702020070
610103199401230050
610103196307250030
610103196811190030
630103198906050060
630103197005300020
630103198007030040
630103198909300070
630103198002120050
630103199002110060
630103198211310060
630103198203040060
630103196810150010
630103199412080020
630103198310090020
630103199407250000
630122198103060080
630122196610160040
630122198402290020
630122197609230010
630122198005180080
630122198605290010
640111197708240040
640111199105120070
640111197406230070
640111197210140040
640111199107220050
640111198504100050
650100198909100050
650100196611120080
650100198906100060
65010019620514005x
650100197212120070
650100196803190050
650100196809200030
370104196503230010
370104197904160000
370104196512160070
370104198206050080
360105196608030050
36010519630409001x
360105197509040050
360105197412020040
360105197104160020
36010519791225019x
350103196205230050
350103196505210050
350103197009210010
350103199009230090
350103199201190030
350103198303120060
350103198304290070
35010019740524002x
350100197512130080
350100196105250080
350100199208170050
350100197110110080
350100197802030030
350121197605110030
350121197208150040
350121198009290030
350121197009230020
350121196409070000
440104198010230010
440104198612170000
44010419731201000x
440104197105280000
440104198112060010
440104198605180080
44010419610212013x
440107196403260040
440107198402120020
440107198511170050
440107197412060090
440107196611090040
460004198310270080
460004196505060070
460004196209150060
460004196311150080
460004198007060000
460004197206120040
460004197507080040
510106199102030030
510106197702100050
510106196305030060
510106196301220050
510106196506250050
510106199408200010
530100197705290070
53010019700419003x
530100197912280020
530100199202040030
530100199008070010
53010019690631016x
530100199302020050
530112197704020060
530112197410300090
530112197501070080
530112198007030010
530112198509200020
530112197009050060
540122196601020020
54012219741124004x
540122197010300030
540122197110140050
540122198704300070
54012219900606019x
540122198109030050
630105199010200040
630105196808190010
630105199105240070
630105198109100070
630105197308230050
630105198209180060
630105196502210060
510105197003170070
510105199301170040
510105197812160020
510105196911110070
510105198904170010
510105197006310020
510105196109140060
50010519951015001x
500105196109290080
500105197507110070
500105197706090050
500105198601060020
500105197911300020
230104197603090050
230104196205020030
230104196605020060
230104196207050090
230104198712130060
230104199207260070
230104197006220080
230106197106100000
230106197902220040
230106199508270070
23010619951122000x
230106197307180010
130105196805110050
130105197208010070
130105196509120060
13010519761117002x
130105197307210040
130105199306270000
130105199411090040
13010519871018011x
130105196511230030
130105196203090090
130105197203100020
13010519710524025x
130105196906280020
130105196203140080
130105197911080030
13010519890406033x
130105199305080070
130105196906290050
130105199209170020
130105196408300050
110105196911180060
110105196407190040
11010519891024008x
110105198608270010
110105196605120050
110105196210060060
11010519770705012x
120104196603160080
120104197707240050
120104197507050030
120104196910190000
120104196405220000
120104199502150010
120104197501100020
12010219831031007x
120102199202030050
120102196803090030
120102199402120010
120102196911050050
120102197904210030
140109196408010000
140109196611250000
140109196907200080
140109196306050070
140109197612230010
140109196012290060
140109197309280000
230106197203080010
230106198404090060
230106199403110040
23010619890703001x
230106196901020060
230106199403060030
230106199308180070
220104197305030080
220104196905210010
220104198207290050
220104196505130080
220104199512230080
220104199108210080
220104198805280020
220104196811280040
220104197705280010
310101196707070050
310101197202280040
310101197702200040
310101196408240050
310101197109240050
310100199308220010
310100198510050020
310100198011290050
310100198703250020
310100198110010080
310100198011080070
540121197202100000
540121199110020080
54012119670107002x
540121197303220060
540121198301300010
540121196807280040
54012119791107012x
610103196507110030
610103197308130040
610103197111070020
610103197406310020
610103197502290010
610103196202290010
630103197006180020
630103197509170060
630103198310270010
630103198402190000
630103197902160040
630103197210270050
630103199311160030
630103198110030020
630103197708110050
630103198406110050
630103197304210020
630103199504070070
630122197110300080
630122199303180010
630122196207250050
630122197310090080
630122198608130090
630122196503210080
640111199303250010
640111196612160060
640111198411050010
640111198301040040
640111198607290070
640111199306220010
650100197107040040
650100198205210010
650100199202300090
65010019690607001x
650100198406160080
650100196906240090
650100196103270010
370104198110270040
370104199302040030
370104197504070080
370104197503120020
360105198910110040
36010519760905005x
360105196110140020
360105199208020020
360105199406180010
36010519711021017x
350103198704180070
350103198502230040
350103196105230020
350103197209150060
350103199008280060
350103199007190080
350103197402210080
35010019700418006x
350100198409230000
350100198309260060
350100196305180070
350100199103290060
350100196711110060
350121198008170080
350121198009090090
350121199112210010
350121199310060050
350121197005050040
440104196508100080
440104198105120080
44010419790716004x
440104198404040010
440104197010080070
440104197806270030
44010419890727016x
440107199206200040
440107198706290050
440107198706290070
440107196305160030
440107197806020040
460004197910170030
460004198807180050
460004197307060030
460004199008240070
460004197411210070
460004198507120000
460004199005300050
510106196504140060
510106198408080030
510106199111120040
510106199408140080
510106197004120080
510106197007220050
530100196708150070
53010019650906007x
530100198509280090
530100198306170010
530100199204160030
53010019660324012x
530100197609230070
530112196307110040
530112196811040030
530112199502200050
530112198202110050
530112198207010030
530112197010220030
540122197410260050
54012219771215001x
540122198707130020
540122198310020060
540122199309030080
54012219610526016x
540122197012160010
630105198510070080
630105196303010020
630105199011050070
630105197808060030
630105199403210020
630105198209240000
630105196901250030
510105199111110020
510105197704030000
510105198009200020
510105197702240070
510105199202160030
510105197204170050
510105197401210090
50010519700619008x
500105199009250030
500105198711040080
500105197509240090
500105199310200020
500105198703110070
230104199111230070
230104198303020050
230104197209110020
230104197801160080
230104197608160070
230104197502180090
230104196204110040
230106198311060050
230106196606050070
230106196109150040
23010619710711008x
230106196502130020
130105197003280070
130105196307140020
130105196910250010
13010519730307003x
130105196511150040
130105196906300020
130105197111090020
13010519880426017x
130105196803040080
130105198804030040
130105196302240060
13010519880317025x
130105198306130030
130105199206300050
130105199306050050
13010519770702035x
130105196806100050
130105197803250070
130105198709200050
130105197304100010
110105197408160050
110105196301260080
11010519950806003x
110105199402300040
110105199301100070
110105196410260090
11010519800819010x
120104198506230050
120104196804130020
120104199409130080
120104196308260060
120104197708160080
120104197904020050
120104196202280060
12010219630912000x
120102198907150080
120102197809230020
120102197404100000
120102199003150080
120102198708150020
140109197805250020
140109199206040050
140109196705120010
140109196109090040
140109198805260080
140109196802190020
140109199503090070
230106197607240030
230106197902120010
230106198611080060
23010619880911007x
230106196705230030
230106196711290030
230106198712160090
220104196508170070
220104196412040080
220104198311260050
220104197112080010
220104196201090070
220104198612120020
220104197111250040
220104197809050040
220104196811100040
310101199005060030
310101196511140000
310101199310010010
310101199107010050
310101197107140010
310100196412100050
310100197503100040
310100198607250000
310100197610300050
310100197909230040
310100197802170010
540121197906090070
540121199111240010
54012119640629008x
540121199206020030
540121198208260010
540121197710280070
54012119840229013x
610103199507300090
610103198306090020
610103199304210030
610103197105060070
610103199305300090
610103196810240040
630103196710060020
630103198510210090
630103196509080070
630103196705190040
630103197202260080
630103196208110040
630103198101030070
630103199406290080
630103198804180050
630103197511140000
630103196812020070
630103197101170040
630122197502240040
630122196405180040
630122198711180030
630122199105240010
630122196503190050
630122198708120050
640111197907140020
640111196103270070
640111196606270010
640111199501030000
640111197004050040
640111196102210070
650100199205160040
650100199407130010
650100196405240030
65010019910615003x
650100197202090080
650100197001250060
650100197706220040
370104198110150030
370104197706090020
370104197406070030
370104196312210080
360105197710110010
36010519630627004x
360105198303040030
360105196007180040
360105197508250010
36010519611101015x
350103198809090040
350103197106090010
350103199006170080
350103196002150040
350103198405030030
350103198102010080
350103198901290010
35010019620502005x
350100196510260000
350100196311180070
350100198810300020
350100197006180050
350100197710170020
350121197511090030
350121196511130020
350121198707260010
350121197105080060
350121198303310010
440104198803180040
440104199504190010
44010419890520004x
440104198109260020
440104196903130080
440104196807310030
44010419731125014x
440107196404140050
440107198207230060
440107198808160010
440107197704070000
440107198602270030
460004197701060020
460004197006240010
460004198409130070
460004196110230050
460004196010300080
460004196403290010
460004198803220020
510106199412170090
510106199102070030
510106196206040040
510106199111020060
510106198305060040
510106199209040000
530100196507260040
53010019850814001x
530100197905120080
530100197206120020
530100199005090090
53010019940321013x
530100196502180010
530112197102200070
530112198008050050
530112196610110020
530112196507160050
530112196103240050
530112199405020040
540122196605070010
54012219740812004x
540122196909070080
540122196104290060
540122198004130010
54012219740308013x
540122196309200020
630105198008220030
630105199307080060
630105199201290010
630105198610020080
630105197907150020
630105196703270060
630105199210070080
510105199404220050
510105198602090040
510105196704090070
510105198407120030
510105196306240020
510105198401190060
510105199007140070
50010519860418004x
500105198207230000
500105197402030050
500105199003020050
500105198905170050
500105199312090040
230104196704180030
230104198912010070
230104198805150070
230104198102290090
230104198608010040
230104197010170080
230104197509130060
230106196404110020
230106197905260050
230106199503110040
23010619660927001x
230106197811140050
130105197501120030
130105199006240080
130105197307060030
13010519800526008x
130105197712300030
130105196304110050
130105196504110010
13010519620723011x
130105197907160080
130105199210110020
130105198211110080
13010519880512025x
130105197710040030
130105196701160020
130105198111080050
13010519710822039x
130105199107040040
130105198206260040
130105196807050000
130105197805030030
110105197210050030
110105198812180080
11010519770725008x
110105196611210020
110105198007300020
110105199009140010
11010519640116013x
120104197505160040
120104198408190080
120104199408070090
120104197610070060
120104198004070060
120104199106290030
120104197410250040
12010219930815004x
120102198804010050
120102198808030090
120102198405220000
120102196111070030
120102199302260080
140109199001150050
140109197707090080
140109198104270010
140109199206060000
140109198005120080
140109197801100080
140109199007010060
230106197107300070
230106198703040030
230106199304210090
23010619821104007x
230106196102250050
230106199403210080
230106198108200020
220104197005140030
220104196108100010
220104198403140070
220104197411310020
220104196606260080
220104199404020030
220104199504010090
220104197909020060
220104197103260020
310101199310100080
310101197503240040
310101198109010040
310101198802080080
310101196508190030
310100198003180040
310100198002190020
310100199305180070
310100198910220080
310100196905150080
310100196004190090
540121199404050040
540121199102220090
54012119650913006x
540121197607070070
540121196005040060
540121197707170040
54012119690206014x
610103199511260070
610103199010140040
610103197012050050
610103198203020010
610103198105190030
610103196310060040
630103196407280040
630103196907130040
630103196604070060
630103197309030050
630103196208070080
630103196806040020
630103198806080060
630103196104030040
630103196505270000
630103198108050060
630103198509130070
630103196302300020
630122198809190030
630122197703190000
630122197206270000
630122197003110030
630122197609160080
630122196410060020
640111199202140040
640111199503300060
640111199402040080
640111197806170030
640111198703220070
640111197602130080
650100197306300060
650100197401190080
650100198011260050
65010019841211003x
650100196303040030
650100199403230060
650100197302180090
370104196911020020
370104199301280060
370104199110260070
370104197206080000
360105197503030070
36010519811010008x
360105199308180060
360105199005080040
360105198804260010
36010519670620013x
350103197806120040
350103197903120010
350103198104230080
350103198707170080
350103197509230090
350103197503230010
350103197908240040
35010019930311001x
350100196808020010
350100197008160000
350100196602180030
350100198812210020
350100196309080050
350121198612050070
350121196406250020
350121196608020060
350121198006020020
350121196406180050
440104197801240040
440104196807050060
44010419880318000x
440104199202250030
440104196111060040
440104198707270020
44010419930402017x
440107199107190030
440107198603230040
440107199312250090
440107198406060020
440107197310020020
460004197508260070
460004197502080010
460004197305050030
460004198907270010
460004198703030050
460004198804260070
460004199303080030
510106197608110050
510106199411310040
510106197704090030
510106198105220010
510106197206290080
510106196909210050
530100199202030070
53010019870106002x
530100198202200030
530100199304090010
530100199205120080
53010019750603017x
530100199209040050
530112196101160030
530112197209120070
530112196410120040
530112198003280050
530112199311110060
530112199408040030
540122197304270010
54012219811125001x
540122197407100080
540122196812200010
540122196603090020
54012219760517017x
540122197505070020
630105198011090050
630105199010110010
630105196610280070
630105199206170060
630105198503040060
630105199310150080
630105199001230010
510105197705200060
510105197102270060
510105196111270070
510105198904310030
510105197602090060
510105199111040070
510105197003020020
50010519870330007x
500105198510040040
500105197707310080
500105196405010080
500105197509170020
500105198010150060
230104196209060000
230104197705080040
230104197103180060
230104197405130050
230104197302310070
230104197705290020
230104198701120080
230106197302280060
230106196703050010
230106198511070090
23010619730613005x
230106199101270020
130105197511180040
130105198608040070
130105197203100000
13010519870614001x
130105198308310040
130105199303080030
130105196010020020
13010519750510012x
130105196405100090
130105197611270060
130105198905270060
13010519650323029x
130105196602210050
130105197506140000
130105198108110010
13010519790302034x
130105199003030060
130105197604040080
130105197304200080
130105198708290040
110105196503150070
110105197601080040
11010519621201006x
110105197304280090
110105198701130020
110105198406220010
11010519630630019x
120104196104010060
120104197304230040
120104198904280070
120104197306290050
120104197207100010
120104198011070070
120104197901170080
12010219931217004x
120102197509030050
120102197101300050
120102197403150000
120102196208250090
120102198606120020
140109197710070000
140109196505190040
140109198802270080
140109196304120010
140109198810090070
140109196202230030
140109198010040050
230106196409220070
230106197610110050
230106197807180050
23010619690116002x
230106199307310040
230106196106240080
230106198402020040
220104196512080020
220104196401040020
220104196412300040
220104196705020060
220104197308290070
220104196512190010
220104198903300060
220104199405240010
220104197707120080
310101196509110040
310101196602090070
310101196302280050
310101196604220030
310101198007180040
310100197510240060
310100197512140080
310100196303280030
310100199109210060
310100198305030010
310100198504150020
540121196609190050
540121196812080010
54012119661030004x
540121196811190050
540121199507200090
540121197405250040
54012119791011018x
610103197510170070
610103199203060050
610103198805170000
610103198909030040
610103199002270070
610103197309110020
630103198508180020
630103196211300060
630103198209250050
630103198810100050
630103196709020060
630103196806050050
630103198101240040
630103197208220060
630103198605090030
630103196606110040
630103198905070060
630103197203290020
630122197512010070
630122196605030030
630122196609210090
630122199506020050
630122199212020030
630122198107110090
640111197510300010
640111198303280060
640111198805130040
640111196409190080
640111197004300020
640111196104020070
650100198107060060
650100196905160010
650100197803280080
65010019710710001x
650100196303300050
650100199103300010
650100196208300030
370104196104120060
370104199211210040
370104199410220060
370104199204040060
360105197609070030
36010519630525008x
360105197311110010
360105199411260040
360105196003160060
36010519830912018x
350103196003020030
350103196908170060
350103197507080010
350103199310030030
350103198002300030
350103197808090080
350103199202120050
35010019920631004x
350100196909030070
350100196410140020
350100196403110020
350100198601220010
350100199006100030
350121196910300030
350121197303040090
350121197701090010
350121197206060090
350121196602200010
440104198102220040
440104197805260080
44010419940628008x
440104196405040050
440104199211200060
440104197302020060
44010419820125012x
440107198505190070
440107197209110030
440107198706260010
440107198507230020
440107198809180040
460004196404080000
460004198706240020
460004197803270000
460004198911250050
460004197302060060
460004197901040090
460004198208170060
510106196901130030
510106196106100020
510106196210080060
510106198109280000
510106197603080090
510106197001140050
530100197411120010
53010019890420005x
530100197411070020
530100198710100020
530100199406190030
53010019681026016x
530100197204250050
530112197910030020
530112198210160070
530112196706300010
530112197109230010
530112197909120020
530112198703310050
540122196604050020
54012219740416006x
540122198805100030
540122196908260080
540122197410300050
54012219720214018x
540122199109250000
630105197106110080
630105199211130070
630105198207050010
630105197110250010
630105196405150050
630105199108190040
630105198810090050
510105196510210000
510105197009240090
510105197401020080
510105199307190010
510105199111100030
510105197701170070
510105196110170080
50010519811009004x
500105198803270020
500105197502250060
500105198805170020
500105197011280040
500105196409090080
230104196203060060
230104199304070040
230104197403080060
230104199311220070
230104197302070050
230104196906120000
230104197508180060
230106196806290040
230106197701150030
230106196706300090
23010619670320002x
230106197009070010
130105198109160040
130105197710180030
130105198709140010
13010519801129002x
130105196403020020
130105196509160050
130105198411140050
13010519760926015x
130105196208310010
130105196107110010
130105196311150030
13010519900404025x
130105198010300050
130105198403160010
130105196005240030
13010519751009039x
130105197608280060
130105196403240080
130105198703180000
130105199210240030
110105196410210060
110105196505150080
11010519900718001x
110105198504200060
110105198902310010
110105196803120000
11010519900809014x
120104198804120060
120104196709030080
120104196802050050
120104198204280030
120104198108240040
120104197403160020
120104197810070080
12010219861013000x
120102197102260020
120102198710190050
120102199011100060
120102196411280050
120102197307130090
140109196703130030
140109198005120030
140109197010220080
140109198108100080
140109199104200090
140109196107160060
140109199006160020
230106198407130070
230106199411270070
230106197609070020
23010619831029001x
230106197503140080
230106196201140070
230106199501090070
220104197203280030
220104197404160080
220104196608190010
220104196411300050
220104196611040020
220104197803220050
220104198203270070
220104198209190050
220104197510140080
310101196007180090
310101198603160040
310101198108050040
310101198407300060
310101196505040040
310100197211020010
310100198807190060
310100197510060010
310100196508100010
310100198005170020
310100199208250040
540121198503280050
540121197211110030
54012119720504004x
540121196308130050
540121198711080030
540121196910040000
54012119890908011x
610103199009140020
610103197605050000
610103196503270030
610103198703190070
610103199005220090
610103198204280020
630103196406050040
630103199404170080
630103198105180010
630103197311110070
630103196406120050
630103197608150040
630103198609290050
630103197004220040
630103198104260060
630103196406140040
630103197505160010
630103198001010000
630122197605100030
630122198311250080
630122198910120030
630122196506250040
630122196708290030
630122196407220080
640111197710080060
640111197009170050
640111196603080080
640111198005150060
640111198603150070
640111196902170050
650100197308090060
650100197603160040
650100196710220050
65010019841014005x
650100196701170090
650100198601270070
650100198110210080
370104199010030080
370104199512090050
370104196707210070
370104199002030080
360105199111110090
36010519950228001x
360105199311070020
360105196909310070
360105198705210030
36010519830804018x
350103196403250020
350103198310100080
350103196911080050
350103197405160080
350103198511080000
350103196110230080
350103198605030010
35010019941016002x
350100198309210080
350100198009230060
350100198712060010
350100199411010070
350100196808260040
350121198504200080
350121196204230030
350121198205170020
350121196811260050
350121197201150040
440104197605230020
440104199004160010
44010419930705009x
440104197905240030
440104197706190080
440104197809310070
44010419820418017x
440107199105100030
440107199210290070
440107198404250050
440107198610020030
440107198410050020
460004197601210080
460004199001240030
460004197109290060
460004198306150070
460004196106300050
460004197210060070
460004196507260080
510106196406220060
510106196709110030
510106197504260080
510106197607240050
510106198008210050
510106198510050010
530100198303160020
53010019770417002x
530100196506260010
530100199206270070
530100197905180040
53010019930427015x
530100196108010030
530112199107260060
530112197211150020
530112198904290070
530112197008220090
530112196105160020
530112197304300050
540122196212150060
54012219900705003x
540122198910190050
540122197002160050
540122197907070080
54012219830523014x
540122197812150030
630105197212090060
630105196208170090
630105198009270000
630105199105270070
630105198707210040
630105197711150000
630105198408130020
510105197401060040
510105196909050040
510105199508180040
510105198804110050
510105196507150030
510105196706030030
510105198504190060
50010519720716002x
500105197012130030
500105196305260030
500105196302310000
500105196707170030
500105196904240030
230104198107290040
230104198009230030
230104196811070060
230104199307100030
230104198905240080
230104199210120080
230104197909050050
230106199005060050
230106196303230080
230106199210120030
23010619760916004x
230106198904180070
130105197703110050
130105196409150050
130105198204020020
13010519821124003x
130105199011250090
130105198401260060
130105198311090020
13010519941028015x
130105197103050040
130105196102260060
130105198809040010
13010519930727029x
130105198009290010
130105197203310060
130105199106150030
13010519711128037x
130105199412220060
130105197112150090
130105198602240090
130105197402260050
110105197801280070
110105198610070030
11010519750414005x
110105196603080080
110105198304200020
110105196902260040
11010519900812013x
120104196211180020
120104198810060010
120104196507300080
120104197311290070
120104197506070030
120104196308260050
120104198605080040
12010219840928002x
120102197602150090
120102198810170030
120102197501050060
120102196305030030
120102197108300030
140109196202120070
140109198401050070
140109196706040060
140109199408210010
140109196904160020
140109199207130070
140109198801270070
230106198711020080
230106197209040030
230106198811300060
23010619810206001x
230106196710300060
230106198709160020
230106197402140050
220104198912220070
220104198304130060
220104197706220000
220104196810140020
220104196310100070
220104198904230020
220104197608300080
220104197807140040
220104197107030050
310101196503230000
310101199411270010
310101198011270020
310101199506190050
310101197710080090
310100197402130080
310100196606010040
310100196204050040
310100198810120080
310100198802110060
310100197904070080
540121197204250030
540121196410030050
54012119680919003x
540121199307090070
540121197804020060
540121196205170030
54012119850324014x
610103199307200070
610103197004230040
610103198910030000
610103197206180040
610103196506280080
610103196212110060
630103197309130080
630103199106100080
630103198205150010
630103197202150010
630103196208100060
630103196812110020
630103198302140080
630103199011300070
630103197111060040
630103196602130090
630103197007090030
630103197907210070
630122196504290010
630122198005110030
630122199111170070
630122198708030070
630122198309280050
630122198906100070
640111197611210060
640111198907100070
640111197409020080
640111198808080040
640111197910070010
640111199008160010
650100196211230080
650100198011120080
650100199011290020
65010019720619007x
650100198205140040
650100199009140020
650100196106210080
370104196411150070
370104197107140060
370104198002030090
370104198108300040
360105197711240040
36010519900331005x
360105198702240040
360105199506200080
360105197105030040
36010519860914014x
350103196109180060
350103196905020060
350103198609020080
350103196104260050
350103197704130060
350103197011200010
350103198002070030
35010019860402007x
350100197303270030
350100196210300060
350100196908290060
350100197609130060
350100199408220050
350121196505040020
350121196401110070
350121198102050050
350121196806270030
350121196601220080
440104197302200060
440104198103280000
44010419830525009x
440104196304310070
440104196405190030
440104197309260070
44010419710930012x
440107197705260040
440107199505230060
440107199510310070
440107196906090080
440107198003130020
460004198405060040
460004199105210040
460004198807030030
460004197308130060
460004197404250080
460004197510300060
460004199304090070
510106199110270020
510106196401200010
510106199109260010
510106198707300060
510106197411070030
510106198110260030
530100197203190030
53010019840729001x
530100196511060050
530100198405150020
530100196301250050
53010019940907017x
530100198902290050
530112198206180080
530112198403190030
530112198710140000
530112198404010070
530112198304140020
530112197704070080
